BCB - TT

i 	lag	                lead
		
0	0.6743325427558014	0.6743325427558014
1	0.6611910535799863	0.6758994816110251
2	0.6531170431523201	0.6694145052575969
3	0.632205132339762	0.6550669123323547
4	0.6273172962778405	0.6362112426649633
5	0.6235596266949913	0.643004781006769
6	0.6148743536613226	0.6226245322084449
7	0.6190086314520562	0.6211406131162983
8	0.6289607608581044	0.619083470644712
9	0.6137792239103715	0.6290975482729389
10	0.6089122454223569	0.6311957595167135
11	0.5966953703009302	0.637163097565721
12	0.56910843879987	0.6321982167402086




BCM - TT

i 	 lag	                 lead
		
0	-0.7599392208678748	-0.7599392208678748
1	-0.764583408998274	-0.7544638520268852
2	-0.7656629029692585	-0.7481724060306684
3	-0.7611893001700731	-0.7315752159726673
4	-0.7631552507281741	-0.7235188461578801
5	-0.7585246160155532	-0.7031025028323933
6	-0.7568261544470849	-0.6955733219238961
7	-0.7513594082716957	-0.6726173261289201
8	-0.7547887981663302	-0.6632392903435835
9	-0.7417171709513724	-0.6435241308937388
10	-0.7405494424122407	-0.6309176016723965
11	-0.7377784047193205	-0.6140050715172082
12	-0.7294214853085951	-0.598785668340744




BCS - TT

i 	 lag	                 lead

0	-0.4905525320264219	-0.4905525320264219
1	-0.4870476593992606	-0.4880346480439745
2	-0.4704914442535596	-0.4741733145921227
3	-0.4603720885073446	-0.4706455399085469
4	-0.4325819186642496	-0.4657648064317626
5	-0.4088979946191658	-0.4598268854842011
6	-0.4038055950794271	-0.4393509324679784
7	-0.4003658737173537	-0.4142671393024776
8	-0.4158568771705866	-0.4053499611171735
9	-0.4147323361321137	-0.3901557443432207
10	-0.4423981766202999	-0.3886114193675656
11	-0.439344594283348	-0.3849131234468104
12	-0.4329281370220457	-0.3999536009478046




BCB - CAM

i 	 lag	 lead
		
0	-0.2588694264519749	-0.2588694264519749
1	-0.2718391447569042	-0.2591026386779862
2	-0.2850563698072302	-0.2568338706871339
3	-0.2902577734274617	-0.2567202576764962
4	-0.3017035711895341	-0.2802035331816062
5	-0.3056541918428433	-0.2922619460951745
6	-0.3126249200695914	-0.3132573582727019
7	-0.3225094492838329	-0.3404767396575794
8	-0.3321208252888181	-0.3582630217718631
9	-0.3415898051852607	-0.3609084085995955
10	-0.3484379056384561	-0.3540084958085966
11	-0.3614833595692114	-0.3441602871062972
12	-0.3772890249207498	-0.3323034858124956




BCM - CAM

i 	 lag	 lead
		
0	0.6192158915315376	0.6192158915315376
1	0.6430444075060065	0.5844155474742739
2	0.6739283442280166	0.5514379418219168
3	0.6942807802687047	0.5200025073502574
4	0.7174242954367431	0.4800738217208312
5	0.7360322413538209	0.4476081133477234
6	0.7566736210665863	0.4179821667327768
7	0.7666841793590311	0.3825204627149801
8	0.7770162531556794	0.3576775262047189
9	0.7869152033065055	0.3289169804807591
10	0.7915740286261735	0.3046250216110513
11	0.7921937132724946	0.277174237122258
12	0.7981095311243889	0.25230118042315





BCS - CAM 

i 	 lag	 lead
		
0	0.6377511989829315	0.6377511989829315
1	0.6734398562390159	0.6213082908903561
2	0.6889858766940206	0.5924717245483335
3	0.6780103339125554	0.5468680109490334
4	0.6435974385491818	0.5031006024790524
5	0.6136270262956485	0.4761076601654171
6	0.5810986255837111	0.4731572052802421
7	0.5421810475464696	0.465904434172623
8	0.523381417027176	0.4594801166502191
9	0.5027728810915212	0.4562700513311009
10	0.5047097004516729	0.4574413847482712
11	0.4880667670691316	0.4369546113645172
12	0.4770931740246539	0.4179671487967923





BCB - CAMR

i 	 lag	 lead
		
0	-0.06274531553529354	-0.06274531553529354
1	-0.09794972702760175	-0.05935744557537741
2	-0.1272498439621038	-0.03308446008092897
3	-0.1467166839521016	-0.04203138946851876
4	-0.1739825593367391	-0.08701657340993283
5	-0.1943541600321223	-0.07301377156321539
6	-0.2092846613052156	-0.100874688165798
7	-0.2213592732609719	-0.128591016018125
8	-0.2285834122281758	-0.1386798642111818
9	-0.2347202696231889	-0.1230497155340913
10	-0.2423837567932611	-0.0926355393940713
11	-0.2633234889557104	-0.04870437570877221
12	-0.2901181288082302	-0.01704405128440431




BCM - CAMR

i 	 lag	 lead
		
0	0.07524840119119431	0.07524840119119431
1	0.1177522032856335	0.03775640518621439
2	0.1680029318218726	0.001191283740502338
3	0.2031672996025905	-0.02588610863084682
4	0.2424938590075193	-0.06189712769202914
5	0.2795102650003103	-0.08694529012195072
6	0.3159464972795611	-0.1135180670196821
7	0.3404734930936831	-0.1399232111526288
8	0.3680744122926232	-0.1547169490579577
9	0.3976024943361912	-0.1749488180543571
10	0.4228265606462338	-0.1883531650463757
11	0.4493540044386561	-0.2026773939927867
12	0.4752896345512484	-0.2198564342499127




BCS - CAMR

i 	 lag	 lead
		
0	0.3139590676700737	0.3139590676700737
1	0.3797804392861375	0.2735024654608377
2	0.4260277312584371	0.234254908931232
3	0.4429551551867701	0.175318588055645
4	0.4205559557278796	0.1470765564283764
5	0.3989883459541926	0.1325789213668054
6	0.3795088790626021	0.1507032271932212
7	0.3591514790455733	0.1555040831359983
8	0.3611724041635196	0.1602755393382218
9	0.3676136620983433	0.1601821862888372
10	0.4052460019212039	0.1542925419302022
11	0.4224526350919219	0.1145588008021852
12	0.434362128699273	0.09425924154456497
